1.0184e-07
1.2117e-07
1.3397e-07
1.5242e-07
1.4604e-07
1.57e-07
1.9266e-07
1.853e-07
1.9031e-07
1.8865e-07
2.1796e-07
3.9369e-07
3.5201e-07
4.7737e-07
5.0442e-07
5.391e-07
7.3323e-07
7.652e-07
7.5128e-07
8.4438e-07
8.6231e-07
9.6082e-07
8.6216e-07
6.1191e-07
6.452e-07
6.1527e-07
7.0914e-07
8.7525e-07
9.3444e-07
9.8152e-07
1.019e-06
1.0116e-06
9.945e-07
1.1863e-06
1.2628e-06
1.08e-06
1.0617e-06
1.5251e-06
1.5248e-06
1.3978e-06
1.4822e-06
1.547e-06
1.6849e-06
1.7864e-06
2.0169e-06
1.9543e-06
1.836e-06
2.2561e-06
2.4402e-06
2.4321e-06
